
Please Enter the coordinates of Camera : debg
48.828781
48.849258
48.849258
49.002552
49.002552
49.043346
49.043346
49.175705
49.196037
49.196037
49.236671
49.236671
49.246826
49.256981
49.256981
49.267128
49.368511
49.368511
49.368511
49.368511
49.398888
49.409008
49.409008
49.409008
49.409008
49.409008
49.429241
49.459579
49.459579
49.500000
49.520199
49.520199
49.560570
49.570656
49.580742
49.580742
49.580742
49.580742
49.580742
49.600906
49.600906
49.631138
49.631138
49.641212
49.641212
49.651283
49.651283
49.671421
49.671421
49.671421
49.691547
49.691547
49.751884
49.761932
49.761932
49.771980
49.771980
49.771980
49.771980
49.782024
49.782024
49.792068
49.802109
49.802109
49.812145
49.812145
49.812145
49.812145
49.822186
49.822186
49.822186
49.852283
49.852283
49.852283
49.882362
49.882362
49.922440
49.932453
49.942467
49.942467
49.952477
49.952477
49.952477
49.972492
49.972492
49.972492
49.972492
49.982498
49.982498
49.982498
49.982498
50.002499
50.002499
50.002499
50.002499
50.002499
50.012497
50.012497
50.022495
50.022495
50.022495
50.042480
50.042480
50.062462
50.062462
50.062462
50.062462
50.072449
50.072449
50.092415
50.092415
50.092415
50.092415
50.112373
50.112373
50.122349
50.142296
50.142296
50.142296
50.142296
50.152267
50.152267
50.152267
50.152267
50.162235
50.162235
50.162235
50.172203
50.172203
50.202091
50.202091
50.212051
50.212051
50.212051
50.212051
50.212051
50.212051
50.212051
50.212051
50.222008
50.222008
50.222008
50.222008
50.222008
50.231960
50.231960
50.241917
50.241917
50.241917
50.241917
50.241917
50.241917
50.251865
50.251865
50.271763
50.271763
50.301590
50.301590
50.311531
50.311531
50.321468
50.321468
50.331402
50.331402
50.351265
50.351265
50.351265
50.351265
50.351265
50.361195
50.361195
50.361195
50.361195
50.361195
50.371124
50.371124
50.381046
50.381046
50.390972
50.390972
50.400894
50.400894
50.410812
50.410812
50.420731
50.420731
50.430645
50.430645
50.440559
50.450470
50.450470
50.450470
50.450470
50.450470
50.460381
50.460381
50.460381
50.470287
50.470287
50.470287
50.470287
50.470287
50.480194
50.480194
50.500000
50.500000
50.519798
50.519798
50.519798
50.539589
50.539589
50.549480
50.549480
50.559372
50.559372
50.559372
50.569260
50.569260
50.569260
50.569260
50.569260
50.579147
50.579147
50.579147
50.579147
50.579147
50.579147
50.589031
50.589031
50.598911
50.598911
50.598911
50.598911
50.598911
50.608795
50.628548
50.628548
50.628548
50.628548
50.638424
50.638424
50.648296
50.648296
50.648296
50.658169
50.658169
50.658169
50.658169
50.668037
50.668037
50.668037
50.668037
50.668037
50.668037
50.687771
50.687771
50.687771
50.687771
50.697632
50.697632
50.697632
50.717354
50.717354
50.727211
50.727211
50.746922
50.746922
50.746922
50.746922
50.756771
50.766624
50.766624
50.786316
50.786316
50.796162
50.796162
50.796162
50.796162
50.796162
50.806004
50.806004
50.806004
50.806004
50.806004
50.806004
50.815845
50.815845
50.815845
50.815845
50.825684
50.825684
50.825684
50.835518
50.835518
50.835518
50.835518
50.845352
50.845352
50.855186
50.855186
50.855186
50.855186
50.865017
50.865017
50.865017
50.865017
50.865017
50.874847
50.874847
50.904324
50.904324
50.923962
50.923962
50.923962
50.933781
50.943596
50.943596
50.953411
50.953411
50.953411
50.953411
50.963223
50.963223
50.982841
50.992645
50.992645
50.992645
51.002449
51.002449
51.002449
51.002449
51.012253
51.012253
51.012253
51.012253
51.022053
51.022053
51.031853
51.031853
51.041649
51.041649
51.051445
51.051445
51.051445
51.051445
51.051445
51.051445
51.061237
51.061237
51.061237
51.061237
51.071030
51.071030
51.090607
51.090607
51.100391
51.100391
51.110176
51.110176
51.110176
51.110176
51.110176
51.110176
51.139515
51.139515
51.159065
51.159065
51.168839
51.168839
51.178608
51.178608
51.178608
51.178608
51.178608
51.178608
51.188377
51.188377
51.198143
51.198143
51.198143
51.198143
51.217674
51.217674
51.227432
51.227432
51.246952
51.246952
51.246952
51.246952
51.246952
51.256706
51.256706
51.256706
51.256706
51.276215
51.276215
51.285961
51.285961
51.285961
51.285961
51.305458
51.305458
51.315201
51.315201
51.334686
51.334686
51.334686
51.334686
51.354164
51.354164
51.363899
51.363899
51.373631
51.373631
51.383362
51.383362
51.383362
51.383362
51.383362
51.393093
51.393093
51.393093
51.393093
51.393093
51.393093
51.402821
51.402821
51.402821
51.402821
51.412548
51.412548
51.412548
51.422272
51.422272
51.441715
51.441715
51.451435
51.451435
51.451435
51.451435
51.451435
51.451435
51.451435
51.451435
51.461151
51.461151
51.461151
51.461151
51.461151
51.470867
51.470867
51.480579
51.480579
51.500000
51.500000
51.509708
51.509708
51.519413
51.519413
51.529118
51.529118
51.538822
51.538822
51.538822
51.538822
51.558220
51.558220
51.567917
51.567917
51.577610
51.577610
51.587303
51.587303
51.596996
51.596996
51.596996
51.596996
51.616375
51.616375
51.616375
51.626060
51.626060
51.626060
51.626060
51.635742
51.635742
51.635742
51.635742
51.645424
51.655106
51.655106
51.664783
51.664783
51.664783
51.664783
51.684135
51.684135
51.684135
51.684135
51.693810
51.693810
51.722820
51.722820
51.722820
51.722820
51.742149
51.742149
51.742149
51.742149
51.742149
51.742149
51.771130
51.771130
51.780788
51.780788
51.780788
51.780788
51.790443
51.790443
51.790443
51.790443
51.800098
51.800098
51.800098
51.800098
51.809750
51.809750
51.829044
51.829044
51.838692
51.838692
51.838692
51.838692
51.848335
51.848335
51.857979
51.857979
51.867619
51.886898
51.886898
51.886898
51.886898
51.886898
51.886898
51.896530
51.896530
51.915798
51.915798
51.915798
51.915798
51.935055
51.935055
51.944683
51.944683
51.944683
51.944683
51.944683
51.944683
51.944683
51.944683
51.954308
51.954308
51.963928
51.963928
51.973553
51.973553
51.983170
51.983170
51.992786
51.992786
51.992786
51.992786
52.002403
52.002403
52.012016
52.012016
52.012016
52.012016
52.031242
52.031242
52.031242
52.031242
52.031242
52.031242
52.031242
52.031242
52.040848
52.040848
52.060062
52.060062
52.060062
52.060062
52.060062
52.060062
52.069664
52.069664
52.069664
52.069664
52.069664
52.108059
52.108059
52.108059
52.117657
52.117657
52.117657
52.117657
52.127247
52.127247
52.127247
52.127247
52.156017
52.156017
52.165600
52.165600
52.175186
52.175186
52.194347
52.194347
52.194347
52.194347
52.203926
52.213505
52.213505
52.213505
52.213505
52.213505
52.213505
52.213505
52.213505
52.223080
52.223080
52.223080
52.223080
52.223080
52.232651
52.232651
52.232651
52.232651
52.242226
52.242226
52.242226
52.270927
52.270927
52.270927
52.270927
52.270927
52.280495
52.280495
52.290058
52.290058
52.299618
52.299618
52.299618
52.299618
52.299618
52.299618
52.309177
52.309177
52.309177
52.318733
52.318733
52.318733
52.318733
52.318733
52.328289
52.328289
52.337845
52.337845
52.347397
52.347397
52.356949
52.356949
52.356949
52.356949
52.366497
52.366497
52.366497
52.376045
52.376045
52.385590
52.385590
52.385590
52.395134
52.395134
52.404675
52.404675
52.404675
52.404675
52.404675
52.414215
52.414215
52.442825
52.442825
52.452358
52.452358
52.461891
52.461891
52.461891
52.471420
52.471420
52.471420
52.471420
52.471420
52.490475
52.490475
52.490475
52.490475
52.490475
52.490475
52.490475
52.490475
52.490475
52.490475
52.490475
52.500000
52.500000
52.500000
52.500000
52.519043
52.519043
52.519043
52.528564
52.528564
52.528564
52.528564
52.547596
52.547596
52.547596
52.547596
52.557114
52.557114
52.557114
52.557114
52.566624
52.566624
52.576134
52.576134
52.585644
52.585644
52.595150
52.595150
52.604656
52.604656
52.604656
52.604656
52.614162
52.633163
52.633163
52.633163
52.633163
52.642662
52.642662
52.671150
52.671150
52.671150
52.680641
52.680641
52.690132
52.690132
52.690132
52.690132
52.690132
52.690132
52.699619
52.699619
52.699619
52.699619
52.718594
52.718594
52.718594
52.728077
52.728077
52.737556
52.737556
52.737556
52.737556
52.747036
52.747036
52.747036
52.747036
52.775467
52.775467
52.775467
52.775467
52.775467
52.784943
52.784943
52.794411
52.794411
52.794411
52.794411
52.803883
52.803883
52.813351
52.813351
52.822819
52.822819
52.822819
52.822819
52.832283
52.832283
52.841743
52.841743
52.841743
52.851208
52.851208
52.870125
52.870125
52.879581
52.879581
52.879581
52.879581
52.889034
52.889034
52.898487
52.898487
52.917389
52.917389
52.917389
52.917389
52.945728
52.945728
52.945728
52.945728
52.955170
52.955170
52.955170
52.974049
52.974049
52.974049
52.974049
52.974049
52.974049
52.983486
52.983486
52.992924
52.992924
53.002357
53.002357
53.002357
53.002357
53.021221
53.021221
53.030651
53.030651
53.058929
53.058929
53.058929
53.058929
53.058929
53.096611
53.096611
53.106026
53.106026
53.106026
53.106026
53.106026
53.106026
53.115440
53.115440
53.115440
53.115440
53.115440
53.143673
53.143673
53.143673
53.143673
53.153080
53.153080
53.153080
53.153080
53.153080
53.153080
53.171890
53.171890
53.171890
53.171890
53.171890
53.171890
53.171890
53.181293
53.181293
53.200092
53.200092
53.200092
53.200092
53.209492
53.209492
53.209492
53.209492
53.228283
53.228283
53.256454
53.256454
53.256454
53.256454
53.265842
53.265842
53.265842
53.265842
53.265842
53.275230
53.275230
53.275230
53.275230
53.284615
53.284615
53.293995
53.293995
53.293995
53.293995
53.293995
53.293995
53.312756
53.312756
53.312756
53.322136
53.322136
53.331509
53.331509
53.340885
53.340885
53.340885
53.350258
53.350258
53.350258
53.350258
53.359631
53.359631
53.368999
53.368999
53.387733
53.387733
53.387733
53.387733
53.406460
53.406460
53.406460
53.406460
53.415821
53.415821
53.434540
53.434540
53.443897
53.443897
53.453251
53.453251
53.453251
53.453251
53.453251
53.453251
53.462605
53.462605
53.481304
53.481304
53.481304
53.481304
53.490654
53.490654
53.490654
53.490654
53.490654
53.490654
53.518688
53.518688
53.528030
53.528030
53.537369
53.537369
53.537369
53.537369
53.537369
53.537369
53.537369
53.574715
53.574715
53.574715
53.574715
53.584045
53.584045
53.593376
53.593376
53.593376
53.602707
53.602707
53.602707
53.621357
53.621357
53.621357
53.621357
53.621357
53.621357
53.621357
53.621357
53.640003
53.640003
53.640003
53.640003
53.649323
53.649323
53.658642
53.658642
53.658642
53.658642
53.658642
53.658642
53.667961
53.677277
53.677277
53.677277
53.677277
53.686592
53.686592
53.695904
53.695904
53.705215
53.705215
53.723831
53.723831
53.733135
53.733135
53.733135
53.733135
53.733135
53.733135
53.742443
53.742443
53.742443
53.742443
53.742443
53.742443
53.742443
53.761044
53.761044
53.761044
53.761044
53.761044
53.761044
53.770344
53.770344
53.788940
53.788940
53.788940
53.788940
53.788940
53.835396
53.835396
53.835396
53.835396
53.844685
53.844685
53.844685
53.844685
53.844685
53.844685
53.844685
53.853970
53.853970
53.853970
53.863255
53.863255
53.872536
53.872536
53.872536
53.872536
53.881817
53.881817
53.909645
53.909645
53.909645
53.909645
53.909645
53.909645
53.909645
53.909645
53.918922
53.918922
53.918922
53.937466
53.937466
53.937466
53.937466
53.937466
53.937466
53.937466
53.937466
53.956001
53.956001
53.965267
53.965267
53.965267
53.965267
53.965267
54.002316
54.002316
54.002316
54.011574
54.011574
54.020828
54.020828
54.030083
54.030083
54.030083
54.039337
54.039337
54.039337
54.039337
54.048588
54.048588
54.048588
54.057838
54.057838
54.067089
54.067089
54.076336
54.076336
54.094826
54.094826
54.094826
54.094826
54.094826
54.094826
54.104065
54.104065
54.104065
54.104065
54.104065
54.122547
54.122547
54.131783
54.131783
54.131783
54.131783
54.141018
54.141018
54.150253
54.150253
54.150253
54.150253
54.159485
54.159485
54.168716
54.168716
54.177948
54.177948
54.177948
54.177948
54.177948
54.187176
54.187176
54.187176
54.196404
54.196404
54.205627
54.205627
54.205627
54.205627
54.205627
54.205627
54.205627
54.214851
54.214851
54.224072
54.224072
54.233292
54.233292
54.233292
54.233292
54.233292
54.233292
54.233292
54.233292
54.233292
54.251728
54.251728
54.251728
54.251728
54.251728
54.251728
54.260944
54.260944
54.270157
54.270157
54.279369
54.279369
54.279369
54.279369
54.288582
54.288582
54.316204
54.316204
54.316204
54.316204
54.334610
54.334610
54.334610
54.343811
54.343811
54.343811
54.343811
54.343811
54.343811
54.343811
54.343811
54.362209
54.362209
54.371407
54.371407
54.371407
54.371407
54.380604
54.380604
54.389797
54.389797
54.408180
54.408180
54.408180
54.408180
54.426556
54.426556
54.454109
54.454109
54.454109
54.454109
54.454109
54.454109
54.454109
54.463291
54.463291
54.463291
54.463291
54.463291
54.463291
54.463291
54.463291
54.481647
54.481647
54.509174
54.509174
54.509174
54.518345
54.518345
54.518345
54.518345
54.536686
54.536686
54.545853
54.545853
54.564182
54.564182
54.573345
54.573345
54.591667
54.591667
54.591667
54.591667
54.591667
54.591667
54.591667
54.600822
54.600822
54.619137
54.619137
54.619137
54.619137
54.619137
54.619137
54.637440
54.637440
54.637440
54.637440
54.655743
54.655743
54.664886
54.664886
54.664886
54.683178
54.683178
54.683178
54.683178
54.683178
54.683178
54.701462
54.701462
54.701462
54.701462
54.701462
54.728878
54.728878
54.728878
54.728878
54.738014
54.738014
54.747147
54.747147
54.747147
54.747147
54.747147
54.774536
54.783665
54.783665
54.792793
54.792793
54.820160
54.820160
54.820160
54.820160
54.829281
54.829281
54.829281
54.829281
54.829281
54.829281
54.838398
54.838398
54.838398
54.838398
54.838398
54.838398
54.847515
54.847515
54.883968
54.883968
54.893078
54.893078
54.911293
54.911293
54.920399
54.920399
54.920399
54.920399
54.920399
54.920399
54.938602
54.938602
54.947704
54.947704
54.956802
54.956802
54.965900
54.965900
54.984089
54.984089
54.984089
54.984089
54.993183
54.993183
55.002274
55.002274
55.011364
55.011364
55.011364
55.011364
55.011364
55.029537
55.029537
55.029537
55.029537
55.056789
55.056789
55.056789
55.056789
55.065868
55.065868
55.084026
55.084026
55.093102
55.093102
55.093102
55.093102
55.093102
55.093102
55.093102
55.093102
55.093102
55.093102
55.093102
55.102177
55.102177
55.102177
55.102177
55.111252
55.111252
55.111252
55.111252
55.120323
55.120323
55.138462
55.138462
55.138462
55.138462
55.138462
55.138462
55.147530
55.147530
55.147530
55.147530
55.156597
55.156597
55.165661
55.165661
55.165661
55.165661
55.183784
55.183784
55.192844
55.192844
55.192844
55.192844
55.192844
55.210960
55.210960
55.210960
55.229069
55.229069
55.229069
55.238121
55.238121
55.238121
55.238121
55.247173
55.247173
55.256222
55.256222
55.256222
55.265270
55.265270
55.274315
55.274315
55.292404
55.292404
55.292404
55.292404
55.292404
55.301445
55.301445
55.301445
55.301445
55.310486
55.310486
55.310486
55.310486
55.319527
55.319527
55.319527
55.319527
55.328564
55.328564
55.328564
55.328564
55.328564
55.355667
55.355667
55.373730
55.373730
55.382759
55.382759
55.382759
55.382759
55.382759
55.382759
55.400814
55.400814
55.409836
55.409836
55.409836
55.409836
55.409836
55.409836
55.418861
55.418861
55.418861
55.418861
55.427879
55.427879
55.427879
55.427879
55.427879
55.427879
55.445919
55.445919
55.445919
55.445919
55.463951
55.463951
55.463951
55.463951
55.472965
55.472965
55.509007
55.509007
55.509007
55.509007
55.518017
55.518017
55.518017
55.518017
55.536026
55.536026
55.545029
55.545029
55.545029
55.545029
55.545029
55.545029
55.563026
55.563026
55.572025
55.572025
55.572025
55.581020
55.581020
55.590015
55.590015
55.590015
55.590015
55.599010
55.599010
55.599010
55.599010
55.599010
55.608002
55.608002
55.616993
55.616993
55.625984
55.625984
55.634972
55.634972
55.643959
55.643959
55.643959
55.643959
55.652943
55.652943
55.652943
55.652943
55.652943
55.652943
55.661926
55.661926
55.661926
55.661926
55.661926
55.661926
55.661926
55.679890
55.679890
55.706821
55.706821
55.715797
55.715797
55.724770
55.724770
55.724770
55.724770
55.733742
55.733742
55.751682
55.769615
55.769615
55.769615
55.769615
55.769615
55.787544
55.787544
55.787544
55.787544
55.796505
55.796505
55.805466
55.805466
55.814426
55.814426
55.823383
55.823383
55.823383
55.823383
55.823383
55.823383
55.832336
55.832336
55.859200
55.859200
55.868149
55.868149
55.877098
55.877098
55.894989
55.894989
55.903934
55.903934
55.912880
55.912880
55.921822
55.921822
55.921822
55.921822
55.921822
55.939701
55.939701
55.939701
55.939701
55.948639
55.948639
55.957573
55.975441
55.975441
55.984371
55.984371
56.002232
56.002232
56.002232
56.011158
56.011158
56.011158
56.011158
56.029011
56.029011
56.037933
56.037933
56.046856
56.046856
56.055775
56.055775
56.064693
56.064693
56.064693
56.064693
56.082527
56.082527
56.082527
56.082527
56.082527
56.082527
56.082527
56.082527
56.091442
56.091442
56.091442
56.091442
56.091442
56.091442
56.100357
56.100357
56.109268
56.109268
56.109268
56.109268
56.109268
56.109268
56.118179
56.118179
56.144901
56.144901
56.144901
56.153805
56.153805
56.153805
56.153805
56.171612
56.171612
56.171612
56.171612
56.180511
56.180511
56.189411
56.189411
56.189411
56.189411
56.198311
56.198311
56.198311
56.216103
56.216103
56.216103
56.216103
56.224995
56.224995
56.224995
56.224995
56.233887
56.233887
56.242779
56.242779
56.251667
56.260555
56.260555
56.269440
56.269440
56.269440
56.269440
56.269440
56.269440
56.269440
56.269440
56.278328
56.278328
56.278328
56.278328
56.278328
56.278328
56.296093
56.296093
56.313854
56.313854
56.322731
56.322731
56.322731
56.322731
56.340485
56.340485
56.340485
56.349358
56.349358
56.349358
56.358231
56.358231
56.375969
56.375969
56.384838
56.384838
56.384838
56.384838
56.402573
56.402573
56.402573
56.402573
56.402573
56.402573
56.411434
56.411434
56.429157
56.429157
56.429157
56.429157
56.438019
56.438019
56.455734
56.455734
56.482300
56.482300
56.500000
56.500000
56.500000
56.508850
56.508850
56.517696
56.517696
56.517696
56.517696
56.526543
56.526543
56.526543
56.526543
56.535389
56.535389
56.544231
56.544231
56.544231
56.544231
56.544231
56.553074
56.553074
56.570751
56.570751
56.570751
56.570751
56.570751
56.570751
56.570751
56.570751
56.570751
56.579590
56.579590
56.588425
56.588425
56.588425
56.588425
56.588425
56.588425
56.588425
56.597260
56.597260
56.614929
56.614929
56.623756
56.623756
56.632587
56.632587
56.632587
56.632587
56.632587
56.641415
56.641415
56.650242
56.650242
56.659069
56.659069
56.659069
56.667892
56.667892
56.667892
56.667892
56.676716
56.676716
56.703175
56.703175
56.720806
56.720806
56.720806
56.720806
56.720806
56.720806
56.738434
56.747246
56.747246
56.756058
56.756058
56.756058
56.756058
56.756058
56.756058
56.791283
56.791283
56.791283
56.791283
56.800087
56.800087
56.800087
56.800087
56.808891
56.808891
56.808891
56.808891
56.817692
56.817692
56.826488
56.826488
56.835289
56.835289
56.844086
56.852879
56.852879
56.852879
56.861675
56.861675
56.861675
56.879257
56.879257
56.879257
56.879257
56.879257
56.888046
56.888046
56.896835
56.896835
56.905624
56.905624
56.905624
56.905624
56.905624
56.905624
56.905624
56.905624
56.905624
56.905624
56.940758
56.940758
56.940758
56.940758
56.975872
56.975872
56.984646
56.984646
56.984646
56.993420
56.993420
57.002193
57.002193
57.002193
57.002193
57.010963
57.010963
57.010963
57.010963
57.010963
57.010963
57.028503
57.028503
57.037270
57.054798
57.054798
57.063560
57.063560
57.063560
57.063560
57.072323
57.072323
57.072323
57.072323
57.081081
57.081081
57.089840
57.089840
57.089840
57.089840
57.089840
57.089840
57.098598
57.098598
57.098598
57.098598
57.107353
57.107353
57.107353
57.107353
57.116108
57.116108
57.124863
57.124863
57.142365
57.142365
57.142365
57.142365
57.142365
57.142365
57.142365
57.142365
57.142365
57.151115
57.151115
57.151115
57.151115
57.159863
57.159863
57.168610
57.177357
57.177357
57.177357
57.177357
57.177357
57.186100
57.186100
57.186100
57.203583
57.203583
57.221062
57.221062
57.221062
57.221062
57.221062
57.221062
57.221062
57.221062
57.238537
57.238537
57.238537
57.238537
57.247272
57.247272
57.247272
57.247272
57.247272
57.247272
57.264736
57.264736
57.273468
57.273468
57.273468
57.273468
57.282196
57.282196
57.282196
57.282196
57.290924
57.290924
57.299652
57.299652
57.299652
57.299652
57.317101
57.317101
57.325825
57.325825
57.334545
57.351982
57.351982
57.378132
57.378132
57.386845
57.386845
57.386845
57.386845
57.386845
57.386845
57.386845
57.412979
57.412979
57.421684
57.421684
57.430393
57.430393
57.430393
57.430393
57.430393
57.430393
57.439098
57.439098
57.447803
57.447803
57.447803
57.456505
57.456505
57.456505
57.456505
57.473907
57.473907
57.491302
57.491302
57.491302
57.491302
57.491302
57.491302
57.500000
57.500000
57.508694
57.508694
57.508694
57.508694
57.534771
57.534771
57.534771
57.534771
57.534771
57.534771
57.543461
57.543461
57.543461
57.543461
57.560837
57.560837
57.560837
57.560837
57.569523
57.569523
57.569523
57.578209
57.578209
57.578209
57.578209
57.586891
57.586891
57.586891
57.586891
57.595573
57.595573
57.612934
57.612934
57.612934
57.612934
57.612934
57.612934
57.621609
57.621609
57.621609
57.621609
57.630287
57.630287
57.638962
57.638962
57.638962
57.638962
57.664982
57.664982
57.673653
57.673653
57.673653
57.673653
57.699654
57.699654
57.716984
57.716984
57.725643
57.725643
57.725643
57.725643
57.725643
57.725643
57.725643
57.734306
57.734306
57.742966
57.742966
57.742966
57.751625
57.751625
57.760281
57.760281
57.760281
57.760281
57.760281
57.768936
57.768936
57.768936
57.768936
57.794895
57.794895
57.794895
57.794895
57.803547
57.803547
57.803547
57.820843
57.820843
57.820843
57.820843
57.820843
57.820843
57.820843
57.820843
57.838135
57.846779
57.846779
57.846779
57.846779
57.855423
57.855423
57.855423
57.855423
57.855423
57.855423
57.881344
57.881344
57.889980
57.889980
57.898617
57.898617
57.898617
57.924519
57.924519
57.924519
57.924519
57.933151
57.933151
57.933151
57.933151
57.950409
57.950409
57.950409
57.950409
57.967663
57.976288
57.976288
57.976288
57.976288
57.976288
57.976288
57.984913
57.984913
57.984913
57.984913
57.993534
57.993534
57.993534
58.010777
58.010777
58.028011
58.028011
58.036625
58.036625
58.053856
58.053856
58.053856
58.053856
58.053856
58.053856
58.053856
58.053856
58.062466
58.062466
58.062466
58.062466
58.062466
58.062466
58.071075
58.071075
58.071075
58.071075
58.071075
58.071075
58.079685
58.079685
58.079685
58.079685
58.079685
58.079685
58.079685
58.079685
58.079685
58.079685
58.088295
58.088295
58.105507
58.105507
58.105507
58.105507
58.105507
58.105507
58.105507
58.105507
58.105507
58.105507
58.105507
58.114113
58.139919
58.139919
58.139919
58.139919
58.139919
58.139919
58.157116
58.157116
58.165710
58.165710
58.165710
58.165710
58.174309
58.174309
58.182899
58.182899
58.182899
58.182899
58.182899
58.182899
58.182899
58.182899
58.208675
58.208675
58.217266
58.217266
58.217266
58.217266
58.234440
58.234440
58.234440
58.243027
58.243027
58.243027
58.243027
58.243027
58.243027
58.251610
58.251610
58.268772
58.268772
58.268772
58.268772
58.268772
58.268772
58.277355
58.277355
58.294510
58.294510
58.311661
58.311661
58.311661
58.311661
58.328808
58.345951
58.345951
58.354519
58.354519
58.363087
58.363087
58.363087
58.363087
58.363087
58.363087
58.363087
58.363087
58.363087
58.363087
58.363087
58.371655
58.371655
58.371655
58.371655
58.380219
58.380219
58.380219
58.380219
58.388783
58.388783
58.397346
58.397346
58.405907
58.405907
58.423027
58.423027
58.423027
58.423027
58.440140
58.440140
58.457249
58.457249
58.457249
58.457249
58.457249
58.457249
58.465801
58.465801
58.474354
58.474354
58.474354
58.474354
58.482903
58.482903
58.491451
58.491451
58.491451
58.491451
58.517090
58.517090
58.525635
58.525635
58.534180
58.534180
58.534180
58.542721
58.542721
58.542721
58.542721
58.568336
58.568336
58.568336
58.576874
58.576874
58.576874
58.576874
58.576874
58.576874
58.585407
58.585407
58.585407
58.602474
58.602474
58.602474
58.619537
58.619537
58.636593
58.636593
58.653645
58.653645
58.653645
58.653645
58.653645
58.662167
58.670692
58.670692
58.679214
58.679214
58.696251
58.696251
58.696251
58.696251
58.704769
58.704769
58.713287
58.713287
58.713287
58.713287
58.721802
58.721802
58.721802
58.721802
58.721802
58.721802
58.721802
58.721802
58.721802
58.738831
58.738831
58.747341
58.747341
58.747341
58.747341
58.747341
58.772869
58.772869
58.772869
58.772869
58.781376
58.781376
58.798386
58.798386
58.798386
58.798386
58.806889
58.806889
58.806889
58.806889
58.815388
58.815388
58.815388
58.815388
58.823891
58.823891
58.840889
58.840889
58.866375
58.866375
58.874866
58.874866
58.874866
58.874866
58.883358
58.883358
58.908829
58.908829
58.908829
58.908829
58.908829
58.908829
58.925800
58.925800
58.925800
58.925800
58.925800
58.942768
58.942768
58.942768
58.942768
58.951252
58.951252
58.951252
58.951252
58.951252
58.951252
58.959732
58.959732
58.976692
58.976692
58.976692
58.976692
58.976692
58.993645
58.993645
58.993645
58.993645
59.002117
59.002117
59.002117
59.002117
59.010593
59.010593
59.010593
59.010593
59.019066
59.019066
59.027534
59.027534
59.036007
59.036007
59.052944
59.052944
59.052944
59.052944
59.052944
59.052944
59.052944
59.052944
59.052944
59.052944
59.061409
59.061409
59.069874
59.069874
59.069874
59.078339
59.078339
59.078339
59.078339
59.078339
59.086800
59.086800
59.086800
59.086800
59.095261
59.095261
59.095261
59.095261
59.103722
59.103722
59.112183
59.112183
59.129097
59.129097
59.137550
59.137550
59.137550
59.137550
59.146008
59.146008
59.146008
59.162910
59.162910
59.162910
59.171360
59.171360
59.179810
59.179810
59.188259
59.188259
59.188259
59.188259
59.205151
59.205151
59.205151
59.205151
59.205151
59.205151
59.205151
59.205151
59.213596
59.213596
59.222038
59.222038
59.230480
59.238922
59.238922
59.238922
59.247364
59.247364
59.255802
59.255802
59.255802
59.255802
59.264240
59.264240
59.264240
59.264240
59.264240
59.281109
59.281109
59.281109
59.281109
59.281109
59.281109
59.297977
59.297977
59.306408
59.306408
59.306408
59.306408
59.323265
59.323265
59.331696
59.331696
59.340122
59.340122
59.340122
59.340122
59.340122
59.340122
59.348545
59.348545
59.348545
59.348545
59.365395
59.365395
59.365395
59.365395
59.373817
59.373817
59.382236
59.382236
59.382236
59.382236
59.382236
59.390656
59.390656
59.407490
59.407490
59.424320
59.424320
59.432735
59.432735
59.432735
59.432735
59.432735
59.432735
59.432735
59.432735
59.432735
59.441147
59.441147
59.457970
59.457970
59.466377
59.483192
59.483192
59.483192
59.483192
59.491596
59.491596
59.500000
59.500000
59.508404
59.508404
59.508404
59.508404
59.542004
59.542004
59.542004
59.542004
59.550400
59.550400
59.558796
59.558796
59.558796
59.558796
59.558796
59.558796
59.558796
59.558796
59.558796
59.567188
59.567188
59.575581
59.575581
59.583973
59.583973
59.592365
59.592365
59.592365
59.625916
59.625916
59.634304
59.634304
59.634304
59.634304
59.634304
59.634304
59.634304
59.634304
59.634304
59.634304
59.642685
59.642685
59.642685
59.642685
59.659451
59.659451
59.667831
59.667831
59.684589
59.684589
59.684589
59.684589
59.684589
59.684589
59.701340
59.701340
59.718086
59.718086
59.718086
59.718086
59.718086
59.718086
59.718086
59.718086
59.734829
59.734829
59.734829
59.751568
59.751568
59.751568
59.751568
59.768303
59.768303
59.785030
59.785030
59.793396
59.793396
59.793396
59.793396
59.793396
59.793396
59.793396
59.801754
59.801754
59.801754
59.810116
59.810116
59.826832
59.826832
59.843548
59.843548
59.843548
59.843548
59.860252
59.860252
59.860252
59.860252
59.876957
59.876957
59.893654
59.893654
59.893654
59.893654
59.893654
59.893654
59.910351
59.910351
59.910351
59.910351
59.927040
59.927040
59.935383
59.935383
59.935383
59.943722
59.943722
59.960403
59.960403
59.960403
59.960403
59.960403
59.960403
59.960403
59.960403
59.960403
59.960403
59.960403
59.968742
59.968742
59.985416
59.985416
59.985416
60.002083
60.002083
60.010414
60.010414
60.018745
60.018745
60.027077
60.027077
60.035408
60.035408
60.035408
60.035408
60.035408
60.035408
60.043736
60.043736
60.043736
60.052059
60.052059
60.052059
60.052059
60.060387
60.060387
60.060387
60.060387
60.060387
60.060387
60.060387
60.068710
60.068710
60.068710
60.068710
60.068710
60.068710
60.068710
60.068710
60.077034
60.077034
60.077034
60.101997
60.101997
60.118633
60.118633
60.135265
60.135265
60.135265
60.135265
60.135265
60.135265
60.143578
60.143578
60.143578
60.143578
60.143578
60.160202
60.160202
60.160202
60.160202
60.168514
60.168514
60.168514
60.168514
60.168514
60.168514
60.168514
60.168514
60.168514
60.176823
60.176823
60.176823
60.176823
60.176823
60.176823
60.185131
60.185131
60.185131
60.185131
60.193439
60.193439
60.210049
60.210049
60.210049
60.210049
60.218353
60.218353
60.226654
60.226654
60.226654
60.251556
60.251556
60.259853
60.259853
60.259853
60.259853
60.259853
60.259853
60.259853
60.259853
60.276447
60.276447
60.284740
60.284740
60.284740
60.284740
60.293034
60.293034
60.293034
60.301327
60.301327
60.301327
60.301327
60.301327
60.309616
60.317909
60.317909
60.317909
60.317909
60.342770
60.342770
60.342770
60.342770
60.342770
60.351055
60.351055
60.359341
60.359341
60.367622
60.367622
60.375904
60.384186
60.384186
60.392467
60.392467
60.400745
60.400745
60.409023
60.409023
60.409023
60.409023
60.425575
60.425575
60.433849
60.433849
60.442120
60.442120
60.442120
60.442120
60.450394
60.450394
60.458664
60.458664
60.458664
60.466934
60.466934
60.466934
60.466934
60.466934
60.466934
60.483467
60.483467
60.500000
60.500000
60.508263
60.508263
60.508263
60.508263
60.516525
60.516525
60.533051
60.533051
60.541309
60.541309
60.541309
60.541309
60.541309
60.541309
60.541309
60.541309
60.549568
60.549568
60.557823
60.557823
60.557823
60.557823
60.574333
60.574333
60.574333
60.574333
60.574333
60.574333
60.582588
60.582588
60.582588
60.582588
60.582588
60.590839
60.590839
60.590839
60.590839
60.632088
60.632088
60.632088
60.632088
60.632088
60.632088
60.632088
60.632088
60.640331
60.640331
60.640331
60.640331
60.648579
60.648579
60.656822
60.656822
60.656822
60.656822
60.656822
60.656822
60.681545
60.681545
60.689785
60.689785
60.706261
60.706261
60.714497
60.714497
60.722729
60.722729
60.722729
60.722729
60.730965
60.730965
60.730965
60.730965
60.747429
60.747429
60.747429
60.747429
60.763885
60.763885
60.763885
60.772114
60.772114
60.780342
60.780342
60.780342
60.780342
60.805016
60.805016
60.805016
60.805016
60.805016
60.805016
60.813240
60.813240
60.829681
60.829681
60.846119
60.846119
60.870766
60.870766
60.870766
60.878979
60.878979
60.878979
60.878979
60.887192
60.887192
60.895401
60.895401
60.903614
60.903614
60.903614
60.911823
60.911823
60.920029
60.920029
60.936443
60.936443
60.936443
60.936443
60.944649
60.944649
60.944649
60.944649
60.944649
60.952850
60.952850
60.969254
60.969254
60.977455
60.985653
60.985653
60.993851
60.993851
61.002048
61.002048
61.010246
61.010246
61.010246
61.010246
61.018440
61.018440
61.026634
61.026634
61.034824
61.034824
61.034824
61.034824
61.051208
61.051208
61.051208
61.051208
61.051208
61.051208
61.051208
61.051208
61.059399
61.059399
61.059399
61.059399
61.059399
61.075771
61.075771
61.075771
61.075771
61.075771
61.083958
61.083958
61.083958
61.083958
61.092144
61.092144
61.100327
61.100327
61.100327
61.100327
61.100327
61.100327
61.100327
61.100327
61.100327
61.124870
61.124870
61.124870
61.124870
61.124870
61.133053
61.133053
61.133053
61.133053
61.133053
61.133053
61.133053
61.133053
61.133053
61.133053
61.165760
61.165760
61.165760
61.165760
61.173931
61.173931
61.173931
61.173931
61.198448
61.198448
61.206615
61.206615
61.206615
61.206615
61.206615
61.206615
61.206615
61.206615
61.214787
61.214787
61.214787
61.214787
61.222954
61.222954
61.222954
61.239285
61.239285
61.255611
61.255611
61.255611
61.255611
61.263775
61.263775
61.263775
61.263775
61.271935
61.271935
61.296410
61.296410
61.296410
61.296410
61.312721
61.312721
61.312721
61.312721
61.312721
61.320877
61.320877
61.320877
61.320877
61.320877
61.320877
61.320877
61.337181
61.337181
61.353485
61.353485
61.353485
61.353485
61.369781
61.369781
61.369781
61.369781
61.377926
61.377926
61.377926
61.377926
61.377926
61.377926
61.394218
61.394218
61.402363
61.402363
61.402363
61.402363
61.402363
61.402363
61.410503
61.410503
61.418644
61.418644
61.418644
61.418644
61.418644
61.418644
61.443062
61.443062
61.443062
61.443062
61.451199
61.451199
61.451199
61.451199
61.451199
61.451199
61.451199
61.451199
61.459335
61.459335
61.491871
61.491871
61.491871
61.491871
61.508129
61.508129
61.508129
61.508129
61.516258
61.516258
61.524384
61.524384
61.532513
61.532513
61.540638
61.540638
61.540638
61.540638
61.540638
61.540638
61.540638
61.540638
61.540638
61.540638
61.548759
61.548759
61.573128
61.573128
61.573128
61.581245
61.589367
61.589367
61.597485
61.597485
61.613716
61.613716
61.613716
61.613716
61.613716
61.613716
61.621830
61.621830
61.621830
61.621830
61.629944
61.629944
61.629944
61.629944
61.646168
61.646168
61.662388
61.662388
61.662388
61.662388
61.670494
61.670494
61.678604
61.678604
61.686710
61.686710
61.686710
61.686710
61.686710
61.686710
61.702919
61.702919
61.711021
61.711021
61.711021
61.711021
61.711021
61.711021
61.711021
61.719120
61.735321
61.735321
61.735321
61.735321
61.735321
61.735321
61.735321
61.743420
61.743420
61.751518
61.751518
61.767712
61.767712
61.783897
61.783897
61.800079
61.800079
61.808170
61.824348
61.824348
61.832436
61.832436
61.832436
61.832436
61.840519
61.840519
61.848606
61.848606
61.848606
61.848606
61.864773
61.864773
61.864773
61.864773
61.864773
61.864773
61.880936
61.880936
61.880936
61.880936
61.897091
61.897091
61.905170
61.905170
61.905170
61.905170
61.913246
61.913246
61.913246
61.913246
61.929394
61.929394
61.929394
61.929394
61.929394
61.929394
61.929394
61.937469
61.937469
61.953613
61.953613
61.953613
61.953613
61.969749
61.969749
61.969749
61.977818
61.977818
61.985886
61.985886
61.993950
61.993950
61.993950
62.002018
62.002018
62.002018
62.002018
62.018143
62.018143
62.018143
62.026203
62.026203
62.026203
62.026203
62.034264
62.034264
62.034264
62.034264
62.034264
62.034264
62.034264
62.034264
62.050385
62.050385
62.050385
62.050385
62.050385
62.050385
62.058441
62.058441
62.058441
62.058441
62.074551
62.074551
62.074551
62.082607
62.082607
62.082607
62.082607
62.090660
62.090660
62.090660
62.090660
62.098713
62.098713
62.098713
62.098713
62.098713
62.098713
62.106762
62.106762
62.106762
62.106762
62.106762
62.122864
62.122864
62.130909
62.130909
62.130909
62.130909
62.138958
62.138958
62.147003
62.147003
62.163094
62.163094
62.171135
62.171135
62.171135
62.171135
62.171135
62.171135
62.171135
62.171135
62.171135
62.171135
62.187218
62.187218
62.187218
62.187218
62.203297
62.203297
62.211334
62.219372
62.219372
62.219372
62.219372
62.219372
62.227406
62.227406
62.227406
62.227406
62.227406
62.227406
62.251507
62.251507
62.251507
62.251507
62.259537
62.259537
62.267567
62.267567
62.283627
62.283627
62.291653
62.291653
62.291653
62.291653
62.291653
62.291653
62.299679
62.299679
62.299679
62.307705
62.307705
62.307705
62.331772
62.331772
62.339794
62.339794
62.339794
62.339794
62.347816
62.347816
62.347816
62.347816
62.355835
62.355835
62.363853
62.363853
62.363853
62.363853
62.363853
62.363853
62.363853
62.371868
62.371868
62.371868
62.379883
62.379883
62.387901
62.387901
62.395912
62.395912
62.395912
62.395912
62.403927
62.403927
62.411938
62.411938
62.419949
62.419949
62.443974
62.443974
62.451981
62.451981
62.459988
62.459988
62.459988
62.459988
62.483997
62.483997
62.483997
62.483997
62.483997
62.483997
62.492001
62.492001
62.500000
62.500000
62.507999
62.507999
62.507999
62.507999
62.507999
62.507999
62.507999
62.507999
62.507999
62.531990
62.531990
62.531990
62.531990
62.539986
62.539986
62.539986
62.539986
62.547981
62.547981
62.563969
62.563969
62.571960
62.571960
62.571960
62.571960
62.579948
62.579948
62.579948
62.579948
62.579948
62.579948
62.579948
62.579948
62.587936
62.587936
62.587936
62.587936
62.595928
62.595928
62.603912
62.603912
62.611900
62.611900
62.611900
62.611900
62.619884
62.619884
62.627869
62.627869
62.643833
62.643833
62.651817
62.651817
62.659794
62.659794
62.659794
62.659794
62.659794
62.667774
62.667774
62.691708
62.691708
62.699680
62.699680
62.699680
62.699680
62.699680
62.707657
62.707657
62.707657
62.707657
62.707657
62.723598
62.723598
62.723598
62.723598
62.747509
62.747509
62.755478
62.755478
62.755478
62.755478
62.787338
62.787338
62.795303
62.795303
62.795303
62.795303
62.795303
62.795303
62.819183
62.819183
62.819183
62.819183
62.819183
62.819183
62.827145
62.827145
62.835102
62.835102
62.843060
62.843060
62.843060
62.843060
62.851013
62.851013
62.858971
62.858971
62.866924
62.866924
62.866924
62.866924
62.874874
62.874874
62.882828
62.890778
62.890778
62.890778
62.890778
62.898727
62.898727
62.898727
62.898727
62.898727
62.898727
62.914623
62.914623
62.914623
62.914623
62.914623
62.914623
62.938461
62.938461
62.938461
62.938461
62.946407
62.946407
62.946407
62.946407
62.954350
62.954350
62.962292
62.962292
62.986111
62.986111
62.986111
62.986111
62.994049
62.994049
63.009918
63.009918
63.009918
63.009918
63.009918
63.009918
63.017853
63.017853
63.017853
63.017853
63.025787
63.025787
63.041653
63.041653
63.049583
63.049583
63.057514
63.057514
63.065441
63.065441
63.065441
63.065441
63.073368
63.073368
63.081295
63.081295
63.081295
63.081295
63.081295
63.081295
63.089222
63.089222
63.089222
63.089222
63.089222
63.089222
63.089222
63.089222
63.089222
63.089222
63.097149
63.097149
63.105072
63.105072
63.120914
63.120914
63.128838
63.128838
63.128838
63.128838
63.128838
63.144676
63.144676
63.144676
63.144676
63.144676
63.160511
63.160511
63.160511
63.168427
63.168427
63.176342
63.176342
63.176342
63.176342
63.176342
63.176342
63.184254
63.192165
63.192165
63.192165
63.200081
63.200081
63.200081
63.200081
63.200081
63.200081
63.207989
63.207989
63.207989
63.207989
63.215900
63.215900
63.239624
63.239624
63.247528
63.247528
63.247528
63.247528
63.255436
63.255436
63.279144
63.279144
63.279144
63.279144
63.279144
63.279144
63.287045
63.287045
63.294945
63.294945
63.294945
63.294945
63.294945
63.294945
63.302845
63.302845
63.302845
63.302845
63.310741
63.310741
63.318638
63.318638
63.326534
63.326534
63.326534
63.326534
63.326534
63.326534
63.342323
63.342323
63.342323
63.342323
63.350216
63.350216
63.358109
63.358109
63.366001
63.366001
63.366001
63.366001
63.366001
63.381779
63.381779
63.389668
63.389668
63.405441
63.405441
63.405441
63.413326
63.413326
63.421211
63.421211
63.436977
63.444859
63.444859
63.452740
63.452740
63.460617
63.460617
63.460617
63.460617
63.460617
63.460617
63.460617
63.468494
63.468494
63.476372
63.476372
63.484249
63.484249
63.492126
63.492126
63.492126
63.492126
63.500000
63.500000
63.507874
63.507874
63.507874
63.507874
63.523617
63.523617
63.531487
63.531487
63.531487
63.531487
63.531487
63.531487
63.531487
63.539356
63.539356
63.547226
63.547226
63.562962
63.562962
63.562962
63.562962
63.562962
63.578690
63.578690
63.578690
63.578690
63.578690
63.578690
63.586555
63.586555
63.602280
63.602280
63.602280
63.602280
63.602280
63.602280
63.602280
63.618000
63.618000
63.625858
63.625858
63.641575
63.641575
63.649429
63.649429
63.649429
63.649429
63.649429
63.649429
63.657284
63.657284
63.672993
63.672993
63.680843
63.680843
63.680843
63.680843
63.680843
63.688698
63.688698
63.688698
63.696545
63.696545
63.712242
63.712242
63.727936
63.727936
63.743626
63.743626
63.751472
63.751472
63.751472
63.751472
63.774994
63.774994
63.774994
63.774994
63.782833
63.782833
63.782833
63.782833
63.790672
63.790672
63.790672
63.790672
63.790672
63.790672
63.798512
63.798512
63.806347
63.806347
63.806347
63.806347
63.806347
63.806347
63.806347
63.806347
63.822018
63.822018
63.822018
63.822018
63.837685
63.837685
63.837685
63.837685
63.837685
63.837685
63.837685
63.845516
63.845516
63.845516
63.845516
63.861179
63.861179
63.892487
63.892487
63.900314
63.900314
63.900314
63.900314
63.900314
63.908138
63.908138
63.908138
63.908138
63.915962
63.915962
63.931602
63.931602
63.931602
63.931602
63.931602
63.931602
63.939423
63.939423
63.939423
63.939423
63.939423
63.939423
63.970695
63.970695
64.001953
64.001953
64.009766
64.009766
64.009766
64.009766
64.009766
64.009766
64.009766
64.017578
64.017578
64.033195
64.033195
64.033195
64.033195
64.048813
64.048813
64.048813
64.048813
64.056618
64.056618
64.056618
64.056618
64.064423
64.064423
64.072227
64.072227
64.072227
64.072227
64.072227
64.072227
64.072227
64.072227
64.080025
64.080025
64.087830
64.087830
64.087830
64.087830
64.087830
64.087830
64.095634
64.095634
64.095634
64.095634
64.103432
64.103432
64.111229
64.119026
64.119026
64.119026
64.126831
64.126831
64.126831
64.126831
64.126831
64.134621
64.134621
64.142418
64.142418
64.150215
64.150215
64.158005
64.158005
64.158005
64.158005
64.158005
64.165802
64.165802
64.165802
64.165802
64.165802
64.165802
64.196960
64.196960
64.196960
64.196960
64.196960
64.196960
64.196960
64.196960
64.196960
64.220322
64.220322
64.235893
64.235893
64.235893
64.235893
64.235893
64.235893
64.235893
64.235893
64.235893
64.235893
64.235893
64.235893
64.243675
64.243675
64.243675
64.243675
64.274803
64.274803
64.274803
64.274803
64.282578
64.282578
64.282578
64.282578
64.282578
64.282578
64.282578
64.290359
64.290359
64.290359
64.290359
64.290359
64.290359
64.290359
64.290359
64.298134
64.313683
64.313683
64.321457
64.321457
64.329231
64.329231
64.337006
64.337006
64.337006
64.337006
64.344772
64.344772
64.344772
64.344772
64.352547
64.352547
64.368080
64.383614
64.383614
64.383614
64.383614
64.399147
64.399147
64.399147
64.399147
64.399147
64.399147
64.399147
64.406906
64.406906
64.422432
64.422432
64.422432
64.422432
64.422432
64.422432
64.430191
64.430191
64.437958
64.437958
64.437958
64.445717
64.445717
64.445717
64.445717
64.445717
64.453468
64.453468
64.461227
64.461227
64.468987
64.468987
64.468987
64.468987
64.476738
64.476738
64.476738
64.476738
64.476738
64.476738
64.500000
64.500000
64.515503
64.515503
64.515503
64.515503
64.515503
64.515503
64.515503
64.538750
64.538750
64.546494
64.554237
64.554237
64.561989
64.561989
64.561989
64.561989
64.561989
64.561989
64.561989
64.569733
64.569733
64.577477
64.577477
64.577477
64.577477
64.577477
64.577477
64.600700
64.600700
64.608437
64.608437
64.623909
64.623909
64.631645
64.631645
64.631645
64.631645
64.631645
64.631645
64.631645
64.631645
64.631645
64.631645
64.647118
64.647118
64.647118
64.654854
64.654854
64.670319
64.670319
64.678047
64.678047
64.685776
64.685776
64.693512
64.693512
64.693512
64.693512
64.708961
64.708961
64.708961
64.708961
64.708961
64.708961
64.708961
64.708961
64.732140
64.732140
64.732140
64.732140
64.739861
64.739861
64.747589
64.747589
64.755310
64.755310
64.755310
64.755310
64.763031
64.763031
64.763031
64.763031
64.763031
64.763031
64.763031
64.770752
64.770752
64.778465
64.778465
64.778465
64.778465
64.778465
64.778465
64.778465
64.778465
64.786186
64.786186
64.793907
64.793907
64.793907
64.793907
64.824760
64.824760
64.840187
64.840187
64.855606
64.855606
64.855606
64.855606
64.855606
64.855606
64.863319
64.863319
64.863319
64.863319
64.863319
64.871025
64.871025
64.871025
64.871025
64.878731
64.878731
64.878731
64.878731
64.878731
64.886436
64.886436
64.894142
64.894142
64.932655
64.932655
64.932655
64.932655
64.932655
64.940361
64.940361
64.955757
64.955757
64.955757
64.955757
64.986534
64.986534
65.001923
65.001923
65.001923
65.001923
65.001923
65.001923
65.001923
65.001923
65.001923
65.001923
65.017303
65.017303
65.024994
65.024994
65.032684
65.032684
65.032684
65.032684
65.032684
65.032684
65.032684
65.048058
65.048058
65.048058
65.048058
65.055748
65.063431
65.071114
65.071114
65.078796
65.078796
65.086479
65.086479
65.086479
65.086479
65.101845
65.101845
65.117203
65.117203
65.117203
65.117203
65.117203
65.117203
65.117203
65.117203
65.117203
65.117203
65.117203
65.124878
65.124878
65.124878
65.124878
65.124878
65.124878
65.132561
65.132561
65.132561
65.132561
65.132561
65.132561
65.140236
65.140236
65.147911
65.147911
65.155586
65.155586
65.155586
65.155586
65.163254
65.163254
65.170929
65.170929
65.170929
65.178604
65.178604
65.193939
65.193939
65.193939
65.193939
65.193939
65.193939
65.193939
65.201607
65.201607
65.201607
65.216949
65.216949
65.216949
65.232277
65.232277
65.239944
65.239944
65.247604
65.247604
65.255264
65.255264
65.255264
65.255264
65.262932
65.262932
65.270592
65.270592
65.278252
65.278252
65.278252
65.278252
65.278252
65.278252
65.278252
65.301224
65.301224
65.301224
65.308884
65.308884
65.308884
65.308884
65.316536
65.316536
65.316536
65.316536
65.324188
65.324188
65.324188
65.324188
65.324188
65.324188
65.339500
65.339500
65.354797
65.354797
65.362450
65.362450
65.362450
65.362450
65.362450
65.370102
65.370102
65.377747
65.377747
65.377747
65.377747
65.385399
65.385399
65.393044
65.393044
65.393044
65.393044
65.393044
65.393044
65.393044
65.393044
65.400688
65.400688
65.415977
65.415977
65.415977
65.415977
65.415977
65.423622
65.423622
65.431259
65.431259
65.431259
65.431259
65.438904
65.438904
65.438904
65.438904
65.446541
65.446541
65.477097
65.477097
65.484734
65.484734
65.484734
65.484734
65.492363
65.492363
65.492363
65.507629
65.507629
65.507629
65.515266
65.515266
65.530525
65.530525
65.538155
65.538155
65.538155
65.538155
65.553413
65.553413
65.561043
65.561043
65.568665
65.568665
65.576294
65.599159
65.599159
65.599159
65.599159
65.606781
65.606781
65.606781
65.606781
65.614403
65.614403
65.614403
65.614403
65.622025
65.622025
65.622025
65.622025
65.622025
65.622025
65.629646
65.629646
65.629646
65.629646
65.637260
65.637260
65.637260
65.644875
65.644875
65.652496
65.652496
65.675339
65.675339
65.675339
65.675339
65.690559
65.690559
65.690559
65.690559
65.690559
65.690559
65.690559
65.690559
65.690559
65.690559
65.690559
65.690559
65.690559
65.698174
65.698174
65.698174
65.698174
65.698174
65.698174
65.728607
65.728607
65.736214
65.736214
65.736214
65.736214
65.743820
65.743820
65.743820
65.743820
65.766632
65.766632
65.774239
65.774239
65.774239
65.774239
65.781837
65.781837
65.781837
65.781837
65.781837
65.781837
65.781837
65.781837
65.797035
65.797035
65.804634
65.804634
65.804634
65.804634
65.812233
65.812233
65.812233
65.812233
65.850212
65.850212
65.850212
65.850212
65.850212
65.850212
65.850212
65.850212
65.857803
65.857803
65.857803
65.857803
65.857803
65.872986
65.872986
65.888161
65.888161
65.895752
65.895752
65.895752
65.895752
65.910927
65.910927
65.918510
65.918510
65.926094
65.926094
65.933678
65.933678
65.941261
65.941261
65.941261
65.941261
65.948845
65.948845
65.971588
65.971588
65.971588
65.971588
65.971588
65.971588
65.986740
65.986740
65.994316
65.994316
65.994316
65.994316
66.001892
66.001892
66.009468
66.009468
66.009468
66.009468
66.017044
66.017044
66.017044
66.017044
66.017044
66.032188
66.032188
66.039764
66.039764
66.039764
66.039764
66.039764
66.070038
66.077606
66.077606
66.077606
66.077606
66.077606
66.077606
66.085175
66.092735
66.092735
66.100304
66.100304
66.100304
66.100304
66.107864
66.115433
66.115433
66.115433
66.115433
66.115433
66.115433
66.115433
66.115433
66.122993
66.122993
66.122993
66.122993
66.122993
66.122993
66.122993
66.122993
66.122993
66.138115
66.138115
66.138115
66.138115
66.160789
66.160789
66.168343
66.168343
66.175903
66.175903
66.183456
66.183456
66.191010
66.191010
66.191010
66.191010
66.191010
66.191010
66.198563
66.198563
66.206116
66.206116
66.206116
66.206116
66.213669
66.213669
66.221222
66.221222
66.221222
66.221222
66.228767
66.228767
66.236320
66.236320
66.236320
66.236320
66.236320
66.236320
66.236320
66.236320
66.236320
66.236320
66.236320
66.243866
66.243866
66.251411
66.251411
66.258965
66.258965
66.258965
66.258965
66.266510
66.266510
66.274055
66.274055
66.274055
66.274055
66.274055
66.281593
66.281593
66.281593
66.289139
66.289139
66.289139
66.289139
66.304222
66.304222
66.304222
66.304222
66.311760
66.311760
66.319305
66.319305
66.326843
66.326843
66.334381
66.334381
66.349457
66.349457
66.349457
66.349457
66.356987
66.356987
66.372055
66.372055
66.372055
66.372055
66.372055
66.379593
66.379593
66.379593
66.379593
66.387123
66.387123
66.387123
66.394653
66.394653
66.409714
66.409714
66.417244
66.417244
66.417244
66.417244
66.424767
66.424767
66.424767
66.424767
66.439819
66.439819
66.439819
66.439819
66.454872
66.454872
66.462395
66.462395
66.469917
66.469917
66.477440
66.477440
66.484962
66.484962
66.484962
66.492477
66.492477
66.492477
66.492477
66.500000
66.500000
66.515038
66.515038
66.522552
66.522552
66.522552
66.530067
66.530067
66.537582
66.537582
66.537582
66.537582
66.545097
66.545097
66.560120
66.560120
66.567635
66.567635
66.582657
66.582657
66.590164
66.590164
66.597672
66.597672
66.597672
66.597672
66.597672
66.597672
66.597672
66.597672
66.597672
66.612686
66.612686
66.612686
66.620193
66.620193
66.620193
66.620193
66.620193
66.620193
66.635201
66.635201
66.635201
66.642708
66.642708
66.650208
66.650208
66.650208
66.650208
66.680206
66.680206
66.687706
66.687706
66.695206
66.695206
66.695206
66.695206
66.695206
66.695206
66.710197
66.710197
66.710197
66.710197
66.710197
66.710197
66.710197
66.710197
66.710197
66.710197
66.717690
66.717690
66.725182
66.725182
66.732674
66.732674
66.732674
66.732674
66.740166
66.740166
66.755150
66.755150
66.755150
66.755150
66.762642
66.762642
66.770126
66.770126
66.777618
66.777618
66.777618
66.777618
66.785103
66.785103
66.785103
66.785103
66.785103
66.807556
66.807556
66.822525
66.822525
66.830009
66.830009
66.830009
66.830009
66.830009
66.830009
66.830009
66.837486
66.837486
66.837486
66.837486
66.837486
66.837486
66.837486
66.852448
66.852448
66.867409
66.867409
66.867409
66.867409
66.867409
66.867409
66.867409
66.867409
66.874886
66.874886
66.897308
66.897308
66.912254
66.912254
66.912254
66.912254
66.934669
66.934669
66.934669
66.934669
66.942139
66.942139
66.949608
66.949608
66.957077
66.957077
66.964546
66.964546
66.964546
66.964546
66.972008
66.972008
66.979477
66.979477
66.979477
66.979477
66.994400
66.994400
66.994400
66.994400
66.994400
67.001869
67.001869
67.009331
67.009331
67.016792
67.016792
67.024246
67.031708
67.031708
67.039169
67.039169
67.046623
67.046623
67.046623
67.046623
67.046623
67.068993
67.068993
67.083900
67.083900
67.083900
67.083900
67.091354
67.091354
67.091354
67.091354
67.098808
67.098808
67.106262
67.106262
67.113708
67.113708
67.121162
67.121162
67.136055
67.143501
67.143501
67.150948
67.150948
67.158394
67.158394
67.158394
67.158394
67.165840
67.165840
67.165840
67.165840
67.165840
67.165840
67.173286
67.173286
67.173286
67.173286
67.180725
67.180725
67.180725
67.180725
67.195610
67.195610
67.203049
67.203049
67.203049
67.203049
67.203049
67.203049
67.203049
67.203049
67.203049
67.203049
67.203049
67.203049
67.203049
67.232803
67.232803
67.232803
67.232803
67.232803
67.232803
67.232803
67.232803
67.247673
67.247673
67.247673
67.247673
67.255112
67.255112
67.269981
67.269981
67.269981
67.269981
67.269981
67.269981
67.269981
67.269981
67.269981
67.277412
67.277412
67.284843
67.284843
67.307129
67.307129
67.314560
67.314560
67.314560
67.314560
67.314560
67.314560
67.321991
67.321991
67.321991
67.321991
67.329414
67.329414
67.336838
67.336838
67.344261
67.344261
67.359116
67.359116
67.359116
67.359116
67.366531
67.366531
67.366531
67.366531
67.366531
67.381378
67.381378
67.381378
67.381378
67.388794
67.388794
67.396217
67.396217
67.403633
67.403633
67.403633
67.403633
67.403633
67.403633
67.418472
67.418472
67.425888
67.425888
67.433304
67.433304
67.433304
67.433304
67.440712
67.440712
67.455544
67.455544
67.455544
67.455544
67.470367
67.470367
67.470367
67.470367
67.470367
67.470367
67.470367
67.477776
67.477776
67.477776
67.477776
67.477776
67.485184
67.485184
67.485184
67.492592
67.492592
67.500000
67.500000
67.500000
67.500000
67.514816
67.514816
67.537025
67.537025
67.537025
67.537025
67.544434
67.544434
67.551834
67.551834
67.551834
67.566635
67.574036
67.574036
67.574036
67.574036
67.574036
67.574036
67.574036
67.581436
67.581436
67.581436
67.581436
67.603622
67.603622
67.603622
67.618416
67.618416
67.625809
67.625809
67.633202
67.633202
67.633202
67.640594
67.640594
67.640594
67.640594
67.647987
67.647987
67.647987
67.647987
67.647987
67.647987
67.670158
67.670158
67.670158
67.670158
67.670158
67.670158
67.677544
67.684929
67.684929
67.684929
67.684929
67.699707
67.699707
67.699707
67.699707
67.699707
67.699707
67.714478
67.714478
67.714478
67.714478
67.714478
67.714478
67.714478
67.714478
67.736626
67.744003
67.744003
67.744003
67.744003
67.751381
67.751381
67.758766
67.758766
67.758766
67.758766
67.766144
67.766144
67.766144
67.766144
67.766144
67.773521
67.773521
67.773521
67.773521
67.780899
67.780899
67.780899
67.780899
67.788277
67.788277
67.795647
67.795647
67.795647
67.795647
67.795647
67.795647
67.803024
67.803024
67.803024
67.803024
67.803024
67.810394
67.810394
67.817772
67.817772
67.817772
67.817772
67.817772
67.825142
67.825142
67.825142
67.825142
67.825142
67.825142
67.839882
67.839882
67.861992
67.861992
67.869362
67.869362
67.869362
67.869362
67.876724
67.876724
67.891457
67.891457
67.891457
67.891457
67.891457
67.891457
67.891457
67.891457
67.891457
67.898819
67.898819
67.898819
67.898819
67.928268
67.928268
67.928268
67.928268
67.942993
67.942993
67.942993
67.942993
67.950348
67.950348
67.957710
67.957710
67.957710
67.957710
67.965065
67.965065
67.972420
67.972420
67.972420
67.972420
67.979774
67.979774
67.979774
67.979774
67.979774
67.979774
67.979774
67.987129
67.987129
67.994484
67.994484
68.023895
68.023895
68.023895
68.023895
68.045937
68.045937
68.045937
68.060638
68.060638
68.060638
68.067978
68.067978
68.067978
68.067978
68.082672
68.082672
68.090012
68.090012
68.097359
68.097359
68.097359
68.097359
68.097359
68.097359
68.097359
68.097359
68.104698
68.104698
68.104698
68.104698
68.112038
68.112038
68.126717
68.126717
68.126717
68.134056
68.134056
68.156075
68.156075
68.156075
68.156075
68.156075
68.156075
68.156075
68.163406
68.163406
68.163406
68.170738
68.170738
68.170738
68.170738
68.170738
68.178078
68.178078
68.192741
68.192741
68.200073
68.200073
68.200073
68.200073
68.207405
68.207405
68.214737
68.214737
68.222061
68.222061
68.229393
68.229393
68.229393
68.229393
68.236717
68.236717
68.244049
68.244049
68.244049
68.244049
68.251373
68.251373
68.251373
68.251373
68.251373
68.251373
68.266022
68.266022
68.266022
68.266022
68.266022
68.266022
68.273346
68.273346
68.280670
68.287994
68.287994
68.302635
68.302635
68.309952
68.309952
68.309952
68.309952
68.317276
68.317276
68.317276
68.317276
68.331909
68.331909
68.331909
68.331909
68.331909
68.339226
68.339226
68.339226
68.339226
68.346542
68.353859
68.353859
68.353859
68.375801
68.375801
68.383110
68.383110
68.390427
68.390427
68.397736
68.397736
68.397736
68.397736
68.405045
68.405045
68.405045
68.405045
68.412354
68.419662
68.419662
68.419662
68.419662
68.419662
68.419662
68.426971
68.426971
68.426971
68.426971
68.426971
68.426971
68.441582
68.441582
68.448883
68.448883
68.448883
68.448883
68.456192
68.456192
68.463493
68.463493
68.470795
68.470795
68.470795
68.485397
68.485397
68.500000
68.500000
68.507301
68.507301
68.507301
68.514595
68.514595
68.536484
68.536484
68.558372
68.558372
68.558372
68.558372
68.558372
68.558372
68.565659
68.565659
68.565659
68.565659
68.565659
68.565659
68.572952
68.572952
68.580246
68.580246
68.594826
68.602112
68.602112
68.609398
68.609398
68.609398
68.609398
68.623978
68.645828
68.645828
68.660393
68.660393
68.667679
68.667679
68.667679
68.667679
68.667679
68.667679
68.674957
68.674957
68.682236
68.682236
68.696800
68.696800
68.696800
68.704079
68.704079
68.704079
68.704079
68.718628
68.718628
68.718628
68.718628
68.725906
68.725906
68.733177
68.733177
68.733177
68.747726
68.747726
68.747726
68.747726
68.747726
68.747726
68.747726
68.747726
68.747726
68.747726
68.747726
68.754997
68.754997
68.754997
68.754997
68.769539
68.769539
68.769539
68.769539
68.769539
68.769539
68.791351
68.791351
68.791351
68.791351
68.798622
68.798622
68.798622
68.798622
68.798622
68.813156
68.813156
68.813156
68.820419
68.820419
68.820419
68.827682
68.827682
68.827682
68.827682
68.834946
68.834946
68.842209
68.842209
68.856735
68.856735
68.885773
68.885773
68.885773
68.885773
68.885773
68.885773
68.885773
68.885773
68.900291
68.900291
68.900291
68.900291
68.900291
68.900291
68.900291
68.900291
68.922058
68.922058
68.929314
68.929314
68.929314
68.929314
68.943817
68.943817
68.951073
68.951073
68.951073
68.951073
68.958321
68.958321
68.965569
68.965569
68.965569
68.965569
68.965569
68.965569
68.972824
68.972824
68.972824
68.972824
68.972824
68.994568
68.994568
69.001808
69.001808
69.009056
69.009056
69.009056
69.009056
69.016304
69.016304
69.030792
69.030792
69.030792
69.030792
69.038033
69.038033
69.052513
69.052513
69.052513
69.052513
69.052513
69.052513
69.066994
69.066994
69.066994
69.066994
69.066994
69.066994
69.074234
69.074234
69.074234
69.074234
69.081474
69.081474
69.081474
69.088715
69.088715
69.095947
69.095947
69.095947
69.095947
69.110420
69.110420
69.110420
69.117653
69.117653
69.117653
69.117653
69.146584
69.146584
69.146584
69.146584
69.168274
69.168274
69.168274
69.168274
69.175499
69.175499
69.175499
69.175499
69.175499
69.182732
69.182732
69.189957
69.189957
69.204407
69.204407
69.211632
69.211632
69.211632
69.211632
69.211632
69.211632
69.233299
69.233299
69.247742
69.247742
69.247742
69.247742
69.254967
69.254967
69.262184
69.262184
69.262184
69.262184
69.269402
69.269402
69.269402
69.269402
69.269402
69.269402
69.269402
69.276619
69.276619
69.283836
69.283836
69.283836
69.291054
69.291054
69.305481
69.312698
69.312698
69.327126
69.327126
69.334335
69.334335
69.334335
69.334335
69.334335
69.341545
69.341545
69.341545
69.341545
69.341545
69.348755
69.348755
69.355965
69.355965
69.355965
69.355965
69.355965
69.363174
69.363174
69.363174
69.370384
69.370384
69.370384
69.370384
69.370384
69.370384
69.370384
69.370384
69.384796
69.384796
69.384796
69.384796
69.399208
69.399208
69.399208
69.399208
69.399208
69.399208
69.406410
69.406410
69.406410
69.420815
69.420815
69.428017
69.428017
69.428017
69.428017
69.435219
69.435219
69.435219
69.435219
69.435219
69.435219
69.442421
69.442421
69.442421
69.442421
69.442421
69.442421
69.449623
69.449623
69.464020
69.464020
69.464020
69.464020
69.471214
69.471214
69.471214
69.471214
69.471214
69.471214
69.478416
69.485611
69.485611
69.485611
69.485611
69.500000
69.500000
69.507195
69.507195
69.507195
69.507195
69.507195
69.507195
69.514389
69.514389
69.521576
69.521576
69.528770
69.528770
69.535965
69.535965
69.535965
69.543152
69.543152
69.550339
69.550339
69.550339
69.550339
69.557533
69.557533
69.571907
69.571907
69.571907
69.571907
69.579094
69.579094
69.593460
69.593460
69.593460
69.593460
69.600647
69.615013
69.615013
69.622192
69.622192
69.629379
69.629379
69.658096
69.658096
69.672447
69.672447
69.679626
69.679626
69.679626
69.679626
69.679626
69.679626
69.686798
69.686798
69.686798
69.686798
69.693977
69.693977
69.693977
69.693977
69.701149
69.701149
69.701149
69.701149
69.708321
69.708321
69.722664
69.722664
69.722664
69.722664
69.722664
69.722664
69.737007
69.737007
69.751343
69.751343
69.751343
69.751343
69.758514
69.758514
69.758514
69.765678
69.765678
69.765678
69.787178
69.787178
69.787178
69.787178
69.787178
69.787178
69.787178
69.787178
69.794342
69.794342
69.794342
69.794342
69.808670
69.808670
69.822990
69.822990
69.822990
69.822990
69.822990
69.822990
69.822990
69.830154
69.830154
69.830154
69.830154
69.858788
69.858788
69.858788
69.858788
69.858788
69.858788
69.858788
69.858788
69.858788
69.873100
69.873100
69.887413
69.887413
69.901718
69.901718
69.901718
69.901718
69.901718
69.901718
69.916023
69.916023
69.916023
69.916023
69.916023
69.916023
69.916023
69.937469
69.937469
69.944618
69.944618
69.944618
69.944618
69.944618
69.944618
69.966064
69.966064
69.973206
69.973206
69.980354
69.980354
69.980354
69.980354
69.980354
69.980354
69.980354
69.987495
69.987495
70.001785
70.001785
70.023209
70.023209
70.023209
70.023209
70.023209
70.023209
70.030350
70.030350
70.037491
70.037491
70.037491
70.037491
70.037491
70.037491
70.037491
70.037491
70.044632
70.044632
70.051765
70.051765
70.051765
70.051765
70.073174
70.073174
70.080315
70.080315
70.087448
70.087448
70.087448
70.087448
70.087448
70.108841
70.108841
70.108841
70.108841
70.115974
70.115974
70.130234
70.130234
70.130234
70.130234
70.144493
70.144493
70.144493
70.144493
70.144493
70.144493
70.151619
70.151619
70.151619
70.151619
70.158745
70.158745
70.165878
70.165878
70.180122
70.180122
70.187248
70.187248
70.187248
70.187248
70.194374
70.194374
70.194374
70.194374
70.208618
70.208618
70.229980
70.229980
70.237099
70.237099
70.237099
70.237099
70.237099
70.244217
70.244217
70.258453
70.258453
70.272682
70.272682
70.272682
70.279800
70.279800
70.301140
70.301140
70.308250
70.308250
70.308250
70.308250
70.322472
70.322472
70.322472
70.322472
70.322472
70.329582
70.329582
70.329582
70.329582
70.329582
70.343796
70.358009
70.365120
70.365120
70.372223
70.372223
70.372223
70.372223
70.372223
70.372223
70.372223
70.372223
70.379326
70.379326
70.386436
70.386436
70.393539
70.393539
70.393539
70.393539
70.393539
70.393539
70.400642
70.407738
70.407738
70.407738
70.407738
70.414841
70.429039
70.429039
70.436142
70.436142
70.436142
70.436142
70.436142
70.450340
70.450340
70.457436
70.457436
70.464531
70.471626
70.471626
70.471626
70.471626
70.471626
70.471626
70.471626
70.471626
70.471626
70.478722
70.478722
70.478722
70.478722
70.492905
70.492905
70.492905
70.492905
70.492905
70.492905
70.500000
70.507095
70.507095
70.514183
70.514183
70.514183
70.514183
70.521271
70.521271
70.521271
70.521271
70.542542
70.556717
70.556717
70.556717
70.556717
70.563805
70.563805
70.563805
70.563805
70.563805
70.563805
70.563805
70.563805
70.570885
70.570885
70.577972
70.577972
70.577972
70.577972
70.577972
70.592140
70.592140
70.599220
70.599220
70.613380
70.613380
70.620468
70.620468
70.620468
70.620468
70.620468
70.627541
70.627541
70.641701
70.641701
70.641701
70.641701
70.641701
70.641701
70.641701
70.641701
70.648781
70.648781
70.662933
70.691231
70.691231
70.698303
70.698303
70.698303
70.698303
70.705376
70.705376
70.705376
70.705376
70.712448
70.712448
70.712448
70.719513
70.719513
70.726585
70.726585
70.726585
70.726585
70.740723
70.740723
70.754860
70.754860
70.754860
70.754860
70.754860
70.754860
70.754860
70.754860
70.754860
70.754860
70.768990
70.768990
70.768990
70.768990
70.776054
70.776054
70.797249
70.797249
70.804306
70.804306
70.818428
70.818428
70.818428
70.818428
70.832550
70.832550
70.832550
70.832550
70.832550
70.832550
70.839607
70.839607
70.846664
70.846664
70.853722
70.853722
70.853722
70.853722
70.853722
70.853722
70.853722
70.860779
70.860779
70.860779
70.867836
70.867836
70.874893
70.874893
70.881943
70.881943
70.896049
70.896049
70.896049
70.896049
70.896049
70.903107
70.903107
70.903107
70.903107
70.924255
70.924255
70.924255
70.924255
70.924255
70.931305
70.931305
70.938354
70.938354
70.938354
70.945404
70.945404
70.959496
70.959496
70.959496
70.959496
70.959496
70.959496
70.973587
70.973587
70.973587
70.973587
70.980629
70.980629
70.980629
70.980629
71.001762
71.001762
71.001762
71.001762
71.001762
71.001762
71.008804
71.008804
71.008804
71.015846
71.015846
71.022881
71.022881
71.029922
71.029922
71.043999
71.043999
71.043999
71.051041
71.051041
71.051041
71.058075
71.058075
71.065109
71.065109
71.065109
71.065109
71.065109
71.065109
71.072144
71.072144
71.072144
71.072144
71.079178
71.079178
71.086212
71.086212
71.086212
71.086212
71.086212
71.100281
71.100281
71.107315
71.107315
71.107315
71.107315
71.107315
71.107315
71.114342
71.114342
71.121376
71.121376
71.128403
71.128403
71.135437
71.135437
71.135437
71.135437
71.142464
71.142464
71.163544
71.163544
71.170570
71.170570
71.170570
71.170570
71.170570
71.170570
71.177597
71.177597
71.184616
71.184616
71.191643
71.191643
71.191643
71.191643
71.198669
71.205688
71.205688
71.205688
71.205688
71.212708
71.212708
71.219734
71.219734
71.240791
71.240791
71.247810
71.247810
71.247810
71.247810
71.254822
71.254822
71.268860
71.268860
71.275871
71.275871
71.275871
71.275871
71.275871
71.275871
71.282890
71.282890
71.282890
71.282890
71.289902
71.289902
71.296913
71.296913
71.303925
71.303925
71.310936
71.310936
71.310936
71.310936
71.317947
71.317947
71.317947
71.317947
71.324959
71.324959
71.324959
71.324959
71.324959
71.324959
71.338982
71.338982
71.352997
71.352997
71.360001
71.360001
71.381020
71.381020
71.381020
71.381020
71.381020
71.395027
71.395027
71.402031
71.402031
71.409035
71.409035
71.409035
71.409035
71.416031
71.416031
71.416031
71.416031
71.423035
71.423035
71.437035
71.437035
71.444031
71.444031
71.444031
71.444031
71.444031
71.444031
71.451035
71.451035
71.458031
71.458031
71.458031
71.458031
71.465027
71.465027
71.465027
71.465027
71.465027
71.465027
71.472023
71.472023
71.486015
71.486015
71.493004
71.493004
71.506996
71.506996
71.527969
71.527969
71.527969
71.527969
71.527969
71.527969
71.527969
71.527969
71.534958
71.534958
71.534958
71.534958
71.534958
71.548935
71.555923
71.555923
71.555923
71.562912
71.562912
71.569893
71.569893
71.569893
71.576881
71.576881
71.576881
71.576881
71.590851
71.590851
71.590851
71.597832
71.597832
71.597832
71.597832
71.597832
71.597832
71.604820
71.604820
71.625763
71.625763
71.625763
71.625763
71.625763
71.632744
71.639725
71.646706
71.653679
71.653679
71.653679
71.660660
71.660660
71.660660
71.660660
71.660660
71.660660
71.660660
71.667633
71.667633
71.674614
71.674614
71.681587
71.688560
71.688560
71.702507
71.702507
71.702507
71.702507
71.709480
71.730400
71.730400
71.737366
71.737366
71.737366
71.744339
71.744339
71.751305
71.751305
71.751305
71.758278
71.758278
71.765244
71.765244
71.765244
71.765244
71.765244
71.765244
71.779175
71.779175
71.779175
71.779175
71.786140
71.786140
71.786140
71.786140
71.786140
71.800072
71.800072
71.800072
71.800072
71.800072
71.800072
71.800072
71.800072
71.807030
71.813995
71.813995
71.820961
71.820961
71.827919
71.827919
71.834877
71.834877
71.841843
71.841843
71.841843
71.841843
71.848801
71.848801
71.848801
71.848801
71.855759
71.855759
71.862717
71.862717
71.862717
71.862717
71.869675
71.869675
71.883583
71.883583
71.883583
71.883583
71.883583
71.883583
71.883583
71.883583
71.883583
71.883583
71.890541
71.890541
71.911407
71.911407
71.925308
71.925308
71.932259
71.932259
71.939209
71.939209
71.939209
71.939209
71.946159
71.946159
71.946159
71.946159
71.953110
71.953110
71.980904
71.980904
71.987846
71.987846
71.987846
71.987846
71.994789
71.994789
71.994789
71.994789
72.001740
72.001740
72.001740
72.008682
72.008682
72.008682
72.008682
72.015625
72.015625
72.015625
72.015625
72.015625
72.015625
72.022568
72.022568
72.022568
72.029510
72.029510
72.029510
72.029510
72.036446
72.036446
72.050331
72.050331
72.057266
72.057266
72.078079
72.078079
72.078079
72.091957
72.091957
72.091957
72.091957
72.098892
72.098892
72.098892
72.098892
72.112762
72.112762
72.119690
72.119690
72.126625
72.126625
72.126625
72.126625
72.133560
72.133560
72.133560
72.133560
72.140488
72.140488
72.140488
72.140488
72.147415
72.147415
72.154350
72.154350
72.154350
72.154350
72.161278
72.161278
72.168205
72.168205
72.175133
72.175133
72.182060
72.188988
72.188988
72.195915
72.195915
72.195915
72.195915
72.195915
72.195915
72.216690
72.216690
72.216690
72.216690
72.230537
72.230537
72.230537
72.237457
72.237457
72.237457
72.237457
72.244377
72.244377
72.251297
72.251297
72.258217
72.258217
72.258217
72.265137
72.265137
72.265137
72.265137
72.278976
72.278976
72.278976
72.278976
72.285889
72.285889
72.292809
72.292809
72.299721
72.299721
72.299721
72.299721
72.306641
72.306641
72.313553
72.313553
72.313553
72.313553
72.320465
72.320465
72.320465
72.320465
72.327377
72.327377
72.334297
72.334297
72.334297
72.341202
72.341202
72.355026
72.355026
72.361938
72.361938
72.361938
72.361938
72.368843
72.368843
72.368843
72.368843
72.389572
72.389572
72.389572
72.389572
72.389572
72.389572
72.389572
72.396477
72.396477
72.396477
72.396477
72.403381
72.403381
72.417191
72.417191
72.424095
72.424095
72.431000
72.431000
72.431000
72.431000
72.437904
72.437904
72.437904
72.437904
72.444809
72.444809
72.465508
72.465508
72.472412
72.472412
72.479309
72.479309
72.486206
72.486206
72.493103
72.493103
72.506897
72.506897
72.506897
72.506897
72.513794
72.513794
72.513794
72.513794
72.520683
72.520683
72.520683
72.520683
72.527580
72.527580
72.534477
72.534477
72.534477
72.534477
72.534477
72.534477
72.534477
72.534477
72.541367
72.541367
72.548264
72.548264
72.548264
72.548264
72.568932
72.568932
72.568932
72.568932
72.568932
72.568932
72.568932
72.575821
72.575821
72.589600
72.589600
72.596489
72.596489
72.610260
72.610260
72.610260
72.610260
72.610260
72.624031
72.630913
72.630913
72.630913
72.630913
72.637802
72.637802
72.637802
72.637802
72.658447
72.658447
72.658447
72.658447
72.658447
72.658447
72.665329
72.672211
72.672211
72.672211
72.672211
72.679092
72.679092
72.679092
72.679092
72.679092
72.679092
72.685966
72.685966
72.692848
72.692848
72.713478
72.713478
72.713478
72.713478
72.713478
72.713478
72.713478
72.713478
72.720352
72.720352
72.720352
72.720352
72.720352
72.734108
72.734108
72.747849
72.747849
72.754723
72.754723
72.754723
72.754723
72.754723
72.754723
72.754723
72.768471
72.768471
72.782211
72.782211
72.789078
72.789078
72.795944
72.795944
72.795944
72.802818
72.802818
72.830284
72.830284
72.837151
72.837151
72.837151
72.844009
72.844009
72.844009
72.844009
72.850876
72.850876
72.850876
72.850876
72.850876
72.850876
72.857735
72.864601
72.864601
72.864601
72.864601
72.864601
72.871460
72.871460
72.878326
72.878326
72.885185
72.885185
72.885185
72.885185
72.898903
72.898903
72.905762
72.905762
72.905762
72.905762
72.912621
72.912621
72.912621
72.912621
72.912621
72.919479
72.919479
72.940041
72.940041
72.940041
72.946899
72.946899
72.946899
72.946899
72.953751
72.953751
72.960609
72.960609
72.960609
72.960609
72.960609
72.981163
72.981163
72.981163
72.981163
72.988014
72.988014
72.988014
72.988014
73.008560
73.008560
73.022255
73.022255
73.029106
73.029106
73.042793
73.042793
73.042793
73.042793
73.042793
73.049644
73.049644
73.049644
73.056488
73.056488
73.056488
73.063332
73.063332
73.063332
73.063332
73.063332
73.063332
73.070175
73.070175
73.077011
73.077011
73.077011
73.077011
73.083855
73.083855
73.083855
73.083855
73.090698
73.090698
73.097534
73.097534
73.104378
73.104378
73.104378
73.104378
73.111214
73.111214
73.111214
73.111214
73.111214
73.111214
73.124893
73.124893
73.124893
73.124893
73.124893
73.124893
73.124893
73.145401
73.145401
73.152237
73.152237
73.152237
73.172737
73.179573
73.186409
73.186409
73.186409
73.186409
73.186409
73.186409
73.193237
73.193237
73.200066
73.200066
73.206902
73.206902
73.220558
73.220558
73.227386
73.227386
73.227386
73.227386
73.227386
73.241043
73.241043
73.247864
73.247864
73.247864
73.247864
73.254692
73.254692
73.254692
73.254692
73.254692
73.261520
73.261520
73.261520
73.268341
73.268341
73.275169
73.275169
73.275169
73.281990
73.281990
73.295631
73.295631
73.295631
73.295631
73.295631
73.309273
73.309273
73.316093
73.316093
73.322914
73.322914
73.322914
73.329735
73.329735
73.329735
73.329735
73.350189
73.350189
73.350189
73.350189
73.357002
73.357002
73.357002
73.357002
73.377449
73.377449
73.377449
73.391075
73.391075
73.411514
73.411514
73.425133
73.425133
73.431938
73.431938
73.431938
73.438751
73.438751
73.438751
73.445557
73.445557
73.445557
73.452362
73.452362
73.452362
73.452362
73.452362
73.452362
73.452362
73.465981
73.465981
73.472786
73.472786
73.472786
73.486397
73.486397
73.486397
73.493195
73.493195
73.493195
73.493195
73.500000
73.500000
73.500000
73.500000
73.506805
73.506805
73.513603
73.513603
73.520409
73.520409
73.540802
73.540802
73.588379
73.588379
73.588379
73.595177
73.595177
73.595177
73.608765
73.608765
73.608765
73.608765
73.608765
73.615555
73.615555
73.615555
73.622345
73.622345
73.622345
73.622345
73.622345
73.629135
73.629135
73.635925
73.635925
73.635925
73.635925
73.656296
73.656296
73.656296
73.656296
73.656296
73.656296
73.663086
73.663086
73.683441
73.683441
73.737709
73.737709
73.737709
73.737709
73.737709
73.737709
73.737709
73.744492
73.744492
73.744492
73.758049
73.758049
73.758049
73.764832
73.764832
73.778381
73.778381
73.805489
73.805489
73.805489
73.805489
73.825806
73.839355
73.839355
73.866432
73.879967
73.879967
73.879967
73.879967
73.893501
73.893501
73.893501
73.900269
73.900269
73.900269
73.913803
73.913803
73.913803
73.920563
73.920563
73.934090
73.934090
74.008446
74.008446
74.008446
74.008446
74.035461
74.035461
74.035461
74.035461
74.055725
74.055725
74.062477
74.062477
74.075974
74.075974
74.150185
74.163673
74.163673
74.190636
74.204109
74.204109
74.305115
74.305115
74.332024
74.332024
74.459724
74.473152
74.473152
